<CHMM>
<TRAINING_SAMPLE_SIZE> 401 </TRAINING_SAMPLE_SIZE>
<StateNumber> 3 </StateNumber>
<DimensionNumber> 13 </DimensionNumber>
<MixtureNumber> 4 </MixtureNumber>
<Pi> 0.4142135382 0.2928932011 0.2928932011 </Pi>
<A> 
0.9816318154 0.0060977880 0.0061351992 0.0061351992 
0.2500000000 0.2500000000 0.2500000000 0.2500000000 
0.3027608991 0.2324130237 0.2324130237 0.2324130237 
</A>
<GMM0> 
<PRIORS> 
0.4810637832 0.1670126766 0.1050105244 0.2469129860 
</PRIORS>
<MEANS> 
29.5352401733 -2.5176117420 1.2410265207 0.1996527612 0.4798595607 0.2624568343 0.2887406051 0.0189318731 0.3786037266 -0.3022500575 0.1564337909 -0.1917155087 0.3149555027 
31.3057174683 -1.1185141802 1.1704680920 -0.1751485169 0.3784206212 0.4112688005 0.3590455353 0.0395963825 0.5930444002 -0.0075503192 0.2885405421 -0.3659252226 0.0742678419 
34.7680816650 1.4835050106 0.8173894286 -0.3963592350 1.4585427046 1.6830376387 0.7147565484 0.0155741628 0.9223631620 0.2436375618 -0.2790178955 -0.9657081366 -0.0998596251 
32.5587158203 -3.1013147831 -1.4080395699 1.2547019720 2.2817630768 -0.4819512367 -0.0798100978 0.9707778096 0.4242925346 0.3950921595 0.4267787635 0.4523296654 0.1285752207 
</MEANS> 
<VARIANCES> 
0.1111450195 0.0791821480 0.0791742802 0.0558163375 0.0534035563 0.0521512628 0.0589944944 0.0464240983 0.0650897920 0.0520310253 0.0395620093 0.0337076746 0.0366044194 
0.7841796875 0.8459748030 0.1416158676 0.1558097005 0.2031797916 0.1955717057 0.2001834810 0.1190585569 0.0856316388 0.0560647771 0.1010775641 0.0750601888 0.0367752500 
1.0708007812 0.7311608791 0.0908542871 0.1278412044 0.2250719070 0.1323983669 0.0347887278 0.1009835601 0.0464358926 0.0424827263 0.0605458021 0.0560696721 0.0309285615 
0.3599853516 0.0918025970 0.2209854126 0.1755833626 0.0463857651 0.1318838745 0.0712538958 0.2077968717 0.0809152871 0.1819281429 0.0743786097 0.0691368580 0.0478161946 
</VARIANCES> 
</GMM0> 
<GMM1> 
<PRIORS> 
0.2222222239 0.2222222239 0.2222222239 0.3333333433 
</PRIORS>
<MEANS> 
34.1079940796 -2.7472591400 -1.5848380327 -0.6093832254 2.1887650490 1.1329835653 0.0052547455 0.3693488836 0.0653520226 0.4185531139 0.2642802596 0.5435962081 0.2305549979 
34.5029449463 -2.8831701279 -1.7157906294 -0.6269182563 2.0107412338 0.7671211958 -0.4685066938 0.8688166738 0.0175752640 0.6144126058 0.6526204348 0.6585031748 0.2962650061 
35.3790588379 -2.8529582024 -1.1408932209 -0.0508031845 2.1666221619 0.6013325453 -0.4644830227 0.5501465797 -0.2778109908 0.4565658569 0.2389191985 0.5860190392 -0.1093773842 
35.1564025879 -2.8357975483 -1.3858629465 -0.4696185291 1.7051531076 0.5381992459 -0.4279960096 0.9380099773 0.1333149672 0.3223561943 0.3377319574 1.0369824171 0.3518715799 
</MEANS> 
<VARIANCES> 
0.0062255859 0.0063791275 0.0170450211 0.0444932580 0.0090770721 0.0011972189 0.0742291212 0.0050304383 0.0054638777 0.0196737945 0.0014225394 0.0329177082 0.0003563295 
0.0413818359 0.0472316742 0.0929150581 0.0209993720 0.0006377863 0.0052881241 0.0007372135 0.0348271132 0.0290552266 0.0205891728 0.0003768335 0.0160461962 0.0004837811 
0.0323486328 0.0974035263 0.0194853544 0.0224262755 0.0006377863 0.0007719087 0.0598665327 0.0018207729 0.0282126442 0.0007808954 0.0015310198 0.0024238229 0.0170616470 
0.0206298828 0.0388298035 0.0509891510 0.0084940940 0.0567212105 0.0699432790 0.0231499076 0.0314135551 0.0565463305 0.0106466413 0.0377926975 0.0273258686 0.0018266514 
</VARIANCES> 
</GMM1> 
<GMM2> 
<PRIORS> 
0.1250000000 0.2500000000 0.1250000000 0.5000000000 
</PRIORS>
<MEANS> 
30.4584255219 -2.0990080833 1.0678277016 0.1652064323 0.1549644470 -0.2246797085 -0.0851697922 0.0554339886 0.5841293335 -0.2430977821 0.4306073189 0.1646026373 0.5176132917 
30.4508953094 -2.0426173210 0.8506769538 0.0315494537 0.5780812502 0.1682425737 0.1800090075 0.1549875736 0.5054426193 -0.1210460663 0.0774605870 -0.3213649988 0.3446653485 
30.9367065430 -1.8308982849 1.2002913952 0.1550030708 0.1857776642 -0.3782188892 -0.7655510902 -0.1924980879 0.1288369894 -0.2320685387 0.7643393874 0.3122897148 0.4729583263 
30.0420665741 -1.9471908808 1.3035253286 0.1841056943 0.4322154224 0.0662590265 0.0219455361 -0.1748593152 0.4460182488 -0.1146907508 0.2831839025 -0.2569592595 0.1880646050 
</MEANS> 
<VARIANCES> 
0.0009924317 0.0001496172 0.0004250765 0.0002101446 0.0003396423 0.0005683387 0.0010133962 0.0002477358 0.0008844368 0.0000724935 0.0004894507 0.0005453629 0.0002158928 
0.0026245117 0.0075793266 0.0004250765 0.0049940990 0.0011371672 0.0013556294 0.0010133962 0.0024816711 0.0957819819 0.0070905294 0.0007642424 0.0014370829 0.0002158928 
0.0009924317 0.0001496172 0.0004250765 0.0002101446 0.0003396423 0.0005683387 0.0010133962 0.0002477358 0.0008844368 0.0000724935 0.0004894507 0.0005453629 0.0002158928 
0.0116577148 0.0140380859 0.0142699480 0.0314906873 0.0240029097 0.0460643135 0.0422599129 0.0043513011 0.0974243730 0.0054548848 0.0145092160 0.0040603876 0.0103656985 
</VARIANCES> 
</GMM2> 
</CHMM>
